<?xml version="1.0" encoding="UTF-8" standalone="no" ?>
<SimscapeMultibodyImportXML version="2.0" xmlns="urn:mathworks:SimscapeMultibody:import" xmlns:xsi="http://www.w3.org/2001/XMLSchema-instance">
<Created by="" on="03/31/21||10:43:41" using="Simscape Multibody Link Version 7.2" from="SolidWorks 27.2.0"/>
<ModelUnits mass="kilogram" length="millimeter"/>
<DataUnits mass="kilogram" length="meter"/>
<RootAssembly name="Copter" uid="Copter" version="2865">
<AssemblyFile name="Copter.SLDASM" type="SolidWorks Assembly"/>
<InstanceTree>
<Instance name="Spacer-1" uid="Spacer-1" entityUid="Spacer*:*Default">
<Transform>
<Rotation>1 0 0 0 1 0 0 0 1</Rotation>
<Translation>-0.093449999999999506 0.046010000000002597 0.046699999999997008</Translation>
</Transform>
</Instance>
<Instance name="Spacer-2" uid="Spacer-2" entityUid="Spacer*:*JetsonMount">
<Transform>
<Rotation>1 0 0 0 1 0 0 0 1</Rotation>
<Translation>-0.026558009576120131 0.046010000000002597 -0.028999999999999942</Translation>
</Transform>
</Instance>
<Instance name="Jetson nano_fixed.step-2" uid="Jetson nano_fixed.step-2" entityUid="Jetson nano_fixed.step" rigid="true">
<Transform>
<Rotation>1 0 0 0 0 -1 0 1 0</Rotation>
<Translation>-0.069558009576120128 0.044010000000002596 -0.057999999999999927</Translation>
</Transform>
<Instance name="PORG_HEX_STANDOFF.step-2" uid="PORG_HEX_STANDOFF.step-2" grounded="true" entityUid="PORG_HEX_STANDOFF.step*:*Default">
<Transform>
<Rotation>-1 0 0 0 1 0 0 0 -1</Rotation>
<Translation>0.012200000000000003 0.058500000000000003 0.0081699999999999967</Translation>
</Transform>
</Instance>
<Instance name="PORG_SYSTEM_SCREW.step-2" uid="PORG_SYSTEM_SCREW.step-2" grounded="true" entityUid="PORG_SYSTEM_SCREW.step*:*Default">
<Transform>
<Rotation>1 0 0 0 1 0 0 0 1</Rotation>
<Translation>0.075800000000000006 0.058500000000000003 0.0037299999999999972</Translation>
</Transform>
</Instance>
<Instance name="PORG_SYSTEM_SCREW.step-3" uid="PORG_SYSTEM_SCREW.step-3" grounded="true" entityUid="PORG_SYSTEM_SCREW.step*:*Default">
<Transform>
<Rotation>-1 0 0 0 1 0 0 0 -1</Rotation>
<Translation>0.075800000000000006 0.058500000000000003 0.0056700000000000014</Translation>
</Transform>
</Instance>
<Instance name="PORG_SYSTEM_SCREW.step-1" uid="PORG_SYSTEM_SCREW.step-1" grounded="true" entityUid="PORG_SYSTEM_SCREW.step*:*Default">
<Transform>
<Rotation>1 0 0 0 1 0 0 0 1</Rotation>
<Translation>0.012200000000000003 0.058500000000000003 0.0037299999999999972</Translation>
</Transform>
</Instance>
<Instance name="142-13449-1000-A02_ASM.step-1" uid="142-13449-1000-A02_ASM.step-1" grounded="true" entityUid="142-13449-1000-A02_ASM.step" rigid="true">
<Transform>
<Rotation>1 0 0 0 1 0 0 0 1</Rotation>
<Translation>0 0 0</Translation>
</Transform>
<Instance name="142-13449-1000-A02.step-1" uid="142-13449-1000-A02.step-1" grounded="true" entityUid="142-13449-1000-A02.step*:*Default">
<Transform>
<Rotation>1 0 0 0 1 0 0 0 1</Rotation>
<Translation>0 0 0</Translation>
</Transform>
</Instance>
<Instance name="080-1656-000_3.step-1" uid="080-1656-000_3.step-1" grounded="true" entityUid="080-1656-000_3.step*:*Default">
<Transform>
<Rotation>-1 0 0 0 -1 0 0 0 1</Rotation>
<Translation>0.043999999999999997 0.016600000000000004 0.001575</Translation>
</Transform>
</Instance>
<Instance name="080-1368-000_1.step-1" uid="080-1368-000_1.step-1" grounded="true" entityUid="080-1368-000_1.step*:*Default">
<Transform>
<Rotation>1 0 0 0 1 0 0 0 1</Rotation>
<Translation>0.087999999999999995 -0.014299999999999993 0.001575</Translation>
</Transform>
</Instance>
<Instance name="064-0374-000_2.step-1" uid="064-0374-000_2.step-1" grounded="true" entityUid="064-0374-000_2.step*:*Default">
<Transform>
<Rotation>1 0 0 0 1 0 0 0 1</Rotation>
<Translation>0.019750000000000004 -0.0096500000000000058 0.001575</Translation>
</Transform>
</Instance>
<Instance name="064-0373-000_2.step-1" uid="064-0373-000_2.step-1" grounded="true" entityUid="064-0373-000_2.step*:*Default">
<Transform>
<Rotation>1 0 0 0 1 0 0 0 1</Rotation>
<Translation>0.072950000000000001 -0.0078249999999999986 0.001575</Translation>
</Transform>
</Instance>
<Instance name="074-0221-000_3.step-1" uid="074-0221-000_3.step-1" grounded="true" entityUid="074-0221-000_3.step*:*Default">
<Transform>
<Rotation>0 -1 0 1 0 0 0 0 1</Rotation>
<Translation>0.085999999999999993 0.029000000000000001 0.001575</Translation>
</Transform>
</Instance>
<Instance name="074-0216-000_2.step-1" uid="074-0216-000_2.step-1" grounded="true" entityUid="074-0216-000_2.step*:*Default">
<Transform>
<Rotation>-1 0 0 0 -1 0 0 0 1</Rotation>
<Translation>0.09214 0.058000000000000003 0.001575</Translation>
</Transform>
</Instance>
<Instance name="2016MM_H100.step-1" uid="2016MM_H100.step-1" grounded="true" entityUid="2016MM_H100.step*:*Default">
<Transform>
<Rotation>0 -1 0 1 0 0 0 0 1</Rotation>
<Translation>0.024500000000000001 0.049250000000000002 0.001575</Translation>
</Transform>
</Instance>
<Instance name="065-0656-000_2.step-1" uid="065-0656-000_2.step-1" grounded="true" entityUid="065-0656-000_2.step*:*Default">
<Transform>
<Rotation>-1 0 0 0 -1 0 0 0 1</Rotation>
<Translation>0.055599999999999997 -0.010040000000000007 0.001575</Translation>
</Transform>
</Instance>
<Instance name="065-0656-000_2.step-2" uid="065-0656-000_2.step-2" grounded="true" entityUid="065-0656-000_2.step*:*Default">
<Transform>
<Rotation>-1 0 0 0 -1 0 0 0 1</Rotation>
<Translation>0.038600000000000002 -0.010040000000000007 0.001575</Translation>
</Transform>
</Instance>
<Instance name="080-1669-000_2.step-1" uid="080-1669-000_2.step-1" grounded="true" entityUid="080-1669-000_2.step*:*Default">
<Transform>
<Rotation>0 1 0 -1 0 0 0 0 1</Rotation>
<Translation>0.00020000000000000573 0.029000000000000001 0.001575</Translation>
</Transform>
</Instance>
</Instance>
<Instance name="PORG_HEX_STANDOFF.step-1" uid="PORG_HEX_STANDOFF.step-1" grounded="true" entityUid="PORG_HEX_STANDOFF.step*:*Default">
<Transform>
<Rotation>-1 0 0 0 1 0 0 0 -1</Rotation>
<Translation>0.075800000000000006 0.058500000000000003 0.0081700000000000036</Translation>
</Transform>
</Instance>
<Instance name="244-63448-0000-000_ASM.step-1" uid="244-63448-0000-000_ASM.step-1" grounded="true" entityUid="244-63448-0000-000_ASM.step" rigid="true">
<Transform>
<Rotation>1 0 0 0 1 0 0 0 1</Rotation>
<Translation>0.011200000000000002 0.022499999999999999 0.0082711999999999994</Translation>
</Transform>
<Instance name="PORG_HSK_ASSY_ASM.step-1" uid="PORG_HSK_ASSY_ASM.step-1" grounded="true" entityUid="PORG_HSK_ASSY_ASM.step" rigid="true">
<Transform>
<Rotation>1 0 0 0 1 0 0 0 1</Rotation>
<Translation>0 0 0.0040099999999999997</Translation>
</Transform>
<Instance name="PORG_HEAT_SINK.step-1" uid="PORG_HEAT_SINK.step-1" grounded="true" entityUid="PORG_HEAT_SINK.step*:*Default">
<Transform>
<Rotation>1 0 0 0 1 0 0 0 1</Rotation>
<Translation>0 0 0</Translation>
</Transform>
</Instance>
</Instance>
<Instance name="PORG_LEAF_SPRING_SCREW.step-1" uid="PORG_LEAF_SPRING_SCREW.step-1" grounded="true" entityUid="PORG_LEAF_SPRING_SCREW.step*:*Default">
<Transform>
<Rotation>0 -1 0 0 0 1 -1 0 0</Rotation>
<Translation>0.0069870665344620025 0.0059981548951879987 0.0052099999999999994</Translation>
</Transform>
</Instance>
<Instance name="PORG_LEAF_SPRING_SCREW.step-3" uid="PORG_LEAF_SPRING_SCREW.step-3" grounded="true" entityUid="PORG_LEAF_SPRING_SCREW.step*:*Default">
<Transform>
<Rotation>0 -1 0 0 0 1 -1 0 0</Rotation>
<Translation>0.04041293346554 0.020901845104810003 0.0052099999999999994</Translation>
</Transform>
</Instance>
<Instance name="142-13448-1000-A02-SKU0000_ASM.step-1" uid="142-13448-1000-A02-SKU0000_ASM.step-1" grounded="true" entityUid="142-13448-1000-A02-SKU0000_ASM.step" rigid="true">
<Transform>
<Rotation>1 0 0 0 1 0 0 0 1</Rotation>
<Translation>0 0 0</Translation>
</Transform>
<Instance name="TM670M-A2_1.step-1" uid="TM670M-A2_1.step-1" grounded="true" entityUid="TM670M-A2_1.step*:*Default">
<Transform>
<Rotation>1 0 0 0 1 0 0 0 1</Rotation>
<Translation>0.023699999999999999 0.01345 0.0011999999999999997</Translation>
</Transform>
</Instance>
</Instance>
<Instance name="142-63448-1GEN_A00.step-1" uid="142-63448-1GEN_A00.step-1" grounded="true" entityUid="142-63448-1GEN_A00.step*:*Default">
<Transform>
<Rotation>1 0 0 0 1 0 0 0 1</Rotation>
<Translation>0 0 0</Translation>
</Transform>
</Instance>
<Instance name="142-13448-1000-A02_ASM.step-1" uid="142-13448-1000-A02_ASM.step-1" grounded="true" entityUid="142-13448-1000-A02_ASM.step" rigid="true">
<Transform>
<Rotation>1 0 0 0 1 0 0 0 1</Rotation>
<Translation>0 0 0</Translation>
</Transform>
<Instance name="TM670M-A2_1.step-1" uid="TM670M-A2_1.step-1" grounded="true" entityUid="TM670M-A2_1.step*:*Default">
<Transform>
<Rotation>1 0 0 0 1 0 0 0 1</Rotation>
<Translation>0.023699999999999999 0.01345 0.0011999999999999997</Translation>
</Transform>
</Instance>
<Instance name="080-0051-000_3.step-1" uid="080-0051-000_3.step-1" grounded="true" entityUid="080-0051-000_3.step*:*Default">
<Transform>
<Rotation>-1 0 0 0 1 0 0 0 -1</Rotation>
<Translation>0.028330999999999999 0.029139000000000002 0</Translation>
</Transform>
</Instance>
</Instance>
<Instance name="PORG_LEAF_SPRING_DRAWN.step-1" uid="PORG_LEAF_SPRING_DRAWN.step-1" grounded="true" entityUid="PORG_LEAF_SPRING_DRAWN.step*:*Default">
<Transform>
<Rotation>0.99999999999948697 -1.0131804769999999e-06 0 1.0131804769999999e-06 0.99999999999948697 0 0 0 1</Rotation>
<Translation>1.3627269000726638e-08 -3.7126820021105011e-09 -0.00039999999999999758</Translation>
</Transform>
</Instance>
<Instance name="PORG_LEAF_SPRING_SCREW.step-2" uid="PORG_LEAF_SPRING_SCREW.step-2" grounded="true" entityUid="PORG_LEAF_SPRING_SCREW.step*:*Default">
<Transform>
<Rotation>0 -1 0 0 0 1 -1 0 0</Rotation>
<Translation>0.0069870665344620025 0.020901845104810003 0.0052099999999999994</Translation>
</Transform>
</Instance>
<Instance name="PORG_LEAF_SPRING_SCREW.step-4" uid="PORG_LEAF_SPRING_SCREW.step-4" grounded="true" entityUid="PORG_LEAF_SPRING_SCREW.step*:*Default">
<Transform>
<Rotation>0 -1 0 0 0 1 -1 0 0</Rotation>
<Translation>0.04041293346554 0.0059981548951879987 0.0052099999999999994</Translation>
</Transform>
</Instance>
</Instance>
<Instance name="PORG_SYSTEM_SCREW.step-4" uid="PORG_SYSTEM_SCREW.step-4" grounded="true" entityUid="PORG_SYSTEM_SCREW.step*:*Default">
<Transform>
<Rotation>-1 0 0 0 1 0 0 0 -1</Rotation>
<Translation>0.012200000000000003 0.058500000000000003 0.0056700000000000014</Translation>
</Transform>
</Instance>
<Instance name="155-0576-000.step-1" uid="155-0576-000.step-1" grounded="true" entityUid="155-0576-000.step*:*Default">
<Transform>
<Rotation>1 0 0 0 1 0 0 0 1</Rotation>
<Translation>0.040275999999999999 0.040300000000000002 0.0050100000000000006</Translation>
</Transform>
</Instance>
</Instance>
<Instance name="Stepper motor.step-1" uid="Stepper motor.step-1" entityUid="Stepper motor.step" rigid="true">
<Transform>
<Rotation>1 0 0 0 1 0 0 0 1</Rotation>
<Translation>-0.028749999999994714 0.074160000000002224 1.9970198020589777e-15</Translation>
</Transform>
<Instance name="Component1.step-1" uid="Component1.step-1" grounded="true" entityUid="Component1.step*:*Default">
<Transform>
<Rotation>1 0 0 0 1 0 0 0 1</Rotation>
<Translation>0 0 0</Translation>
</Transform>
</Instance>
<Instance name="Component2.step-1" uid="Component2.step-1" grounded="true" entityUid="Component2.step*:*Default">
<Transform>
<Rotation>1 0 0 0 1 0 0 0 1</Rotation>
<Translation>0 0 0</Translation>
</Transform>
</Instance>
</Instance>
<Instance name="Vibration Plate Connecter-2" uid="Vibration Plate Connecter-2" entityUid="Vibration Plate Connecter*:*Default">
<Transform>
<Rotation>5.0341565787762712e-16 -4.7087758966733224e-16 -1 -1.9845236565174673e-15 1 -4.7655896336080372e-16 1.0000000000000002 2.0122792321330962e-15 4.6630235316921336e-16</Rotation>
<Translation>0.14675000000000321 0.02601000000000003 6.0422020334448789e-15</Translation>
</Transform>
</Instance>
<Instance name="PixhawkHolder-1" uid="PixhawkHolder-1" entityUid="PixhawkHolder*:*Default">
<Transform>
<Rotation>-1.0000000000000002 0 0 0 -1 0 0 0 1.0000000000000002</Rotation>
<Translation>0 -0.022999999999999986 0</Translation>
</Transform>
<VisualProperties>
<Ambient r="0.7803921568627451" g="0" b="0" a="1"/>
<Diffuse r="0.7803921568627451" g="0" b="0" a="1"/>
<Specular r="0.54627450980392156" g="0" b="0" a="1"/>
<Emissive r="0" g="0" b="0" a="1"/>
<Shininess>0.3125</Shininess>
</VisualProperties>
</Instance>
<Instance name="Hitec Servo Arm Alluminium v2.step-1" uid="Hitec Servo Arm Alluminium v2.step-1" entityUid="Hitec Servo Arm Alluminium v2.step*:*Default">
<Transform>
<Rotation>-1 -1.2346090968528159e-15 -1.029265164832819e-15 1.0292651648328155e-15 3.1363800445660672e-15 -0.99999999999999978 1.2346090968528194e-15 -0.99999999999999978 -3.1363800445660672e-15</Rotation>
<Translation>0.0015238059801225385 0.30555963815430898 0.096502567123550667</Translation>
</Transform>
</Instance>
<Instance name="MountingPlate-1" uid="MountingPlate-1" entityUid="MountingPlate*:*Default">
<Transform>
<Rotation>1 0 0 0 1 0 0 0 1</Rotation>
<Translation>-0.0072500000000000151 0.048010000000002599 -2.8591756696327273e-15</Translation>
</Transform>
</Instance>
<Instance name="PlateMount-1" uid="PlateMount-1" entityUid="PlateMount*:*Default">
<Transform>
<Rotation>1 0 0 0 1 0 0 0 1</Rotation>
<Translation>0.080249999999999988 0.048009999999999976 -2.8527527562189861e-15</Translation>
</Transform>
</Instance>
<Instance name="Assem2-1" uid="Assem2-1" entityUid="Assem2" rigid="true">
<Transform>
<Rotation>1 0 0 0 1 0 0 0 1</Rotation>
<Translation>0 0 0</Translation>
</Transform>
<Instance name="Mounting Bar-1" uid="Mounting Bar-1" entityUid="Mounting Bar*:*Default">
<Transform>
<Rotation>0 -1 4.9660773664723319e-16 0 4.9660773664723329e-16 1 -1 0 0</Rotation>
<Translation>-0.0087500000000000147 0.013010000000000074 0.029999999999999607</Translation>
</Transform>
</Instance>
<Instance name="BarHolder-1" uid="BarHolder-1" entityUid="BarHolder*:*Default">
<Transform>
<Rotation>0 -1.5543122344752192e-15 1.0000000000000002 -1 0 0 0 -1.0000000000000002 -1.5543122344752192e-15</Rotation>
<Translation>0.071750000000000105 0.013009999999999992 0.029999999999999784</Translation>
</Transform>
</Instance>
<Instance name="BarHolder-4" uid="BarHolder-4" entityUid="BarHolder*:*Default">
<Transform>
<Rotation>0 2.2204460492503121e-16 1 -1 0 0 0 -1 2.2204460492503121e-16</Rotation>
<Translation>-0.071750000000000008 0.013009999999999992 -0.030000000000000002</Translation>
</Transform>
</Instance>
<Instance name="Plate-1" uid="Plate-1" grounded="true" entityUid="Plate*:*Default">
<Transform>
<Rotation>1 0 0 0 1 0 0 0 1</Rotation>
<Translation>0 0 0</Translation>
</Transform>
</Instance>
<Instance name="BarHolder-3" uid="BarHolder-3" entityUid="BarHolder*:*Default">
<Transform>
<Rotation>0 -1.4432899320127035e-15 1 -1 0 0 0 -1 -1.4432899320127035e-15</Rotation>
<Translation>-0.071750000000000008 0.013009999999999992 0.029999999999999999</Translation>
</Transform>
</Instance>
<Instance name="ArmGuides-1" uid="ArmGuides-1" entityUid="ArmGuides*:*Default">
<Transform>
<Rotation>-0.50000000000000178 0 -0.8660254037844376 0 1 0 0.8660254037844376 0 -0.50000000000000178</Rotation>
<Translation>-0.079833364779650237 -0.010499999999999999 -0.046091814645844803</Translation>
</Transform>
</Instance>
<Instance name="SideplateLegMount-1" uid="SideplateLegMount-1" entityUid="SideplateLegMount*:*Default">
<Transform>
<Rotation>1 0 1.387723125474019e-16 0 -0.99995989612626879 0.0089557880246144261 1.3877787807790135e-16 -0.0089557880246144261 -0.99995989612626879</Rotation>
<Translation>-0.012800000000000002 0.0097644507423522344 -0.1068585543107006</Translation>
</Transform>
</Instance>
<Instance name="hinge-1" uid="hinge-1" entityUid="hinge*:*Default">
<Transform>
<Rotation>1 0 0 0 1 0 0 0 1</Rotation>
<Translation>0 0 -0.069500000000000006</Translation>
</Transform>
</Instance>
<Instance name="ArmGuides-2" uid="ArmGuides-2" entityUid="ArmGuides*:*Default">
<Transform>
<Rotation>-0.50000000000000178 0 0.8660254037844376 0 1 0 -0.8660254037844376 0 -0.50000000000000178</Rotation>
<Translation>-0.079833364779648433 -0.010499999999999999 0.046091814645848682</Translation>
</Transform>
</Instance>
<Instance name="LegRail-1" uid="LegRail-1" entityUid="LegRail*:*Default">
<Transform>
<Rotation>-7.9103390504542423e-16 -1.5265566588595937e-16 -1 -3.6082248300317597e-16 1 -1.5265566588595907e-16 1 3.6082248300317578e-16 -7.9103390504542433e-16</Rotation>
<Translation>-4.9999999999874797e-05 0.20524382591560447 -0.14499999999999988</Translation>
</Transform>
</Instance>
<Instance name="ArmAngle-1" uid="ArmAngle-1" entityUid="ArmAngle" rigid="true">
<Transform>
<Rotation>0.50000000000000044 0 -0.86602540378443837 0 1 0 0.86602540378443837 0 0.50000000000000044</Rotation>
<Translation>-0.06013268590217985 -0.015499999999996211 0.034717622392718639</Translation>
</Transform>
<Instance name="ArmMotorConnector-1" uid="ArmMotorConnector-1" entityUid="ArmMotorConnector*:*Default">
<Transform>
<Rotation>1 0 0 0 1 0 0 0 1</Rotation>
<Translation>0 0.0049999999999961915 0.38799999999999996</Translation>
</Transform>
</Instance>
<Instance name="xoar_12_4-5CW-1" uid="xoar_12_4-5CW-1" entityUid="xoar_12_4-5CW*:*Default">
<Transform>
<Rotation>-0.16766653896955641 0 0.98584376637983073 0 1 0 -0.98584376637983073 0 -0.16766653896955641</Rotation>
<Translation>0 -0.022000000000004578 0.43950000000000006</Translation>
</Transform>
</Instance>
<Instance name="MotorQuad-1" uid="MotorQuad-1" entityUid="MotorQuad*:*Default">
<Transform>
<Rotation>-1 0 -6.6613381477509392e-16 0 -1 0 -6.6613381477509392e-16 0 1</Rotation>
<Translation>0 -4.5935477643865852e-15 0.43950000000000006</Translation>
</Transform>
</Instance>
<Instance name="ArmRod-1" uid="ArmRod-1" entityUid="ArmRod*:*Default">
<Transform>
<Rotation>1 0 0 0 1 0 0 0 1</Rotation>
<Translation>0 0.0049999999999962123 0.188</Translation>
</Transform>
</Instance>
<Instance name="MotorMount-1" uid="MotorMount-1" entityUid="MotorMount*:*Default">
<Transform>
<Rotation>1 0 0 0 1 0 0 0 1</Rotation>
<Translation>0 -4.5814047000547475e-15 0.43949999999999995</Translation>
</Transform>
</Instance>
<Instance name="LegBodyConnector-1" uid="LegBodyConnector-1" entityUid="LegBodyConnector*:*Default">
<Transform>
<Rotation>1 2.7755575615628914e-16 0 0 0 1 2.7755575615628914e-16 -1 0</Rotation>
<Translation>0 0.0049999999999962054 0</Translation>
</Transform>
</Instance>
</Instance>
<Instance name="Mounting Bar-2" uid="Mounting Bar-2" entityUid="Mounting Bar*:*Default">
<Transform>
<Rotation>3.3306690738756944e-16 1 0 1.1102230246251565e-16 0 1 1 -3.3306690738756944e-16 -1.1102230246251565e-16</Rotation>
<Translation>0.10125000000000005 0.013009999999999978 -0.030000000000000009</Translation>
</Transform>
</Instance>
<Instance name="hinge-2" uid="hinge-2" entityUid="hinge*:*Default">
<Transform>
<Rotation>-1.0000000000000002 0 2.2204460492503131e-16 0 1 0 -2.2204460492503131e-16 0 -1.0000000000000002</Rotation>
<Translation>0 0 0.069500000000000006</Translation>
</Transform>
</Instance>
<Instance name="BarHolder-2" uid="BarHolder-2" entityUid="BarHolder*:*Default">
<Transform>
<Rotation>0 3.3306690738754696e-16 -1.0000000000000002 -1 0 0 0 1.0000000000000002 3.3306690738754696e-16</Rotation>
<Translation>0.071750000000000036 0.013009999999999992 -0.030000000000000006</Translation>
</Transform>
</Instance>
<Instance name="ArmGuides-3" uid="ArmGuides-3" entityUid="ArmGuides*:*Default">
<Transform>
<Rotation>0.50000000000000311 0 0.86602540378443682 0 1 0 -0.86602540378443682 0 0.50000000000000311</Rotation>
<Translation>0.079833364779650071 -0.010500000000000009 0.046091814645845212</Translation>
</Transform>
</Instance>
<Instance name="LegRailConnector-1" uid="LegRailConnector-1" entityUid="LegRailConnector*:*Default">
<Transform>
<Rotation>1 4.2399893076656285e-16 -3.2739646841436695e-16 -3.2402024884392779e-16 0.9654415647857002 0.26061961741998424 4.2658459789414235e-16 -0.26061961741998424 0.9654415647857002</Rotation>
<Translation>-5.0000000000622375e-05 0.17676329975442587 -0.13731172128611091</Translation>
</Transform>
</Instance>
<Instance name="Leg-1" uid="Leg-1" entityUid="Leg*:*Default">
<Transform>
<Rotation>0 1 0 -0.26061961741998418 0 0.9654415647857002 0.9654415647857002 0 0.26061961741998418</Rotation>
<Translation>4.9999999999772449e-05 0.10821694865464181 0.11880772844929187</Translation>
</Transform>
</Instance>
<Instance name="LegBodyConnector-2" uid="LegBodyConnector-2" entityUid="LegBodyConnector*:*Default">
<Transform>
<Rotation>-1.3398103110801379e-16 0 1 0.26061961741998374 -0.96544156478570009 0 0.96544156478570053 0.26061961741998396 1.3877716465956695e-16</Rotation>
<Translation>-5.0000000000688491e-05 0.042566922249213657 -0.10108559446473292</Translation>
</Transform>
</Instance>
<Instance name="ArmStraight-2" uid="ArmStraight-2" entityUid="ArmStraight" rigid="true">
<Transform>
<Rotation>-0.99999999999999989 0 2.7755575615628914e-16 0 1 0 -2.7755575615628914e-16 0 -0.99999999999999989</Rotation>
<Translation>0 -0.010499999999999983 0.24399999999999997</Translation>
</Transform>
<Instance name="ArmRod-1" uid="ArmRod-1" entityUid="ArmRod*:*Default">
<Transform>
<Rotation>1 0 0 0 1 0 0 0 1</Rotation>
<Translation>0 0 0</Translation>
</Transform>
</Instance>
<Instance name="xoar_12_4-5CW-1" uid="xoar_12_4-5CW-1" entityUid="xoar_12_4-5CW*:*Default">
<Transform>
<Rotation>0.50812416638601454 0 -0.86128382751246257 0 1 0 0.86128382751246257 0 0.50812416638601454</Rotation>
<Translation>0 -0.026999999999999996 -0.25149999999999983</Translation>
</Transform>
</Instance>
<Instance name="MotorMount-1" uid="MotorMount-1" entityUid="MotorMount*:*Default">
<Transform>
<Rotation>1 0 0 0 1 0 0 0 1</Rotation>
<Translation>0 -0.0049999999999999992 -0.25149999999999983</Translation>
</Transform>
</Instance>
<Instance name="ArmMotorConnector-1" uid="ArmMotorConnector-1" entityUid="ArmMotorConnector*:*Default">
<Transform>
<Rotation>-0.99999999999999989 0 -2.7755575615628914e-16 0 1 0 2.7755575615628914e-16 0 -0.99999999999999989</Rotation>
<Translation>0 0 -0.19999999999999996</Translation>
</Transform>
</Instance>
<Instance name="MotorQuad-1" uid="MotorQuad-1" entityUid="MotorQuad*:*Default">
<Transform>
<Rotation>-0.99999999999999989 0 0 0 -1 0 0 0 0.99999999999999989</Rotation>
<Translation>0 -0.0049999999999999992 -0.25149999999999972</Translation>
</Transform>
</Instance>
</Instance>
<Instance name="ArmAngle-3" uid="ArmAngle-3" entityUid="ArmAngle" rigid="true">
<Transform>
<Rotation>0.50000000000000311 0 0.86602540378443693 0 1 0 -0.86602540378443693 0 0.50000000000000311</Rotation>
<Translation>0.060132685902179628 -0.015499999999996249 0.034717622392719139</Translation>
</Transform>
<Instance name="ArmMotorConnector-1" uid="ArmMotorConnector-1" entityUid="ArmMotorConnector*:*Default">
<Transform>
<Rotation>1 0 0 0 1 0 0 0 1</Rotation>
<Translation>0 0.0049999999999961915 0.38800000000000007</Translation>
</Transform>
</Instance>
<Instance name="xoar_12_4-5CW-1" uid="xoar_12_4-5CW-1" entityUid="xoar_12_4-5CW*:*Default">
<Transform>
<Rotation>-0.16766653896955647 0 0.98584376637983095 0 1 0 -0.98584376637983095 0 -0.16766653896955647</Rotation>
<Translation>0 -0.022000000000004575 0.43950000000000011</Translation>
</Transform>
</Instance>
<Instance name="MotorQuad-1" uid="MotorQuad-1" entityUid="MotorQuad*:*Default">
<Transform>
<Rotation>-1.0000000000000002 0 -6.6613381477509392e-16 0 -1 0 -6.6613381477509392e-16 0 1.0000000000000002</Rotation>
<Translation>0 -4.5935477643865852e-15 0.43950000000000011</Translation>
</Transform>
</Instance>
<Instance name="ArmRod-1" uid="ArmRod-1" entityUid="ArmRod*:*Default">
<Transform>
<Rotation>1 0 0 0 1 0 0 0 1</Rotation>
<Translation>0 0.0049999999999962123 0.188</Translation>
</Transform>
</Instance>
<Instance name="MotorMount-1" uid="MotorMount-1" entityUid="MotorMount*:*Default">
<Transform>
<Rotation>1 0 0 0 1 0 0 0 1</Rotation>
<Translation>0 -4.5814047000547475e-15 0.4395</Translation>
</Transform>
</Instance>
<Instance name="LegBodyConnector-1" uid="LegBodyConnector-1" entityUid="LegBodyConnector*:*Default">
<Transform>
<Rotation>1 2.7755575615628914e-16 0 0 0 1 2.7755575615628914e-16 -1 0</Rotation>
<Translation>0 0.0049999999999962054 0</Translation>
</Transform>
</Instance>
</Instance>
<Instance name="ArmAngle-4" uid="ArmAngle-4" entityUid="ArmAngle" rigid="true">
<Transform>
<Rotation>-0.50000000000000044 0 -0.86602540378443849 0 1 0 0.86602540378443849 0 -0.50000000000000044</Rotation>
<Translation>-0.060132685902179572 -0.015499999999996213 -0.034717622392718805</Translation>
</Transform>
<Instance name="ArmMotorConnector-1" uid="ArmMotorConnector-1" entityUid="ArmMotorConnector*:*Default">
<Transform>
<Rotation>1 0 0 0 1 0 0 0 1</Rotation>
<Translation>0 0.0049999999999961898 0.38800000000000012</Translation>
</Transform>
</Instance>
<Instance name="xoar_12_4-5CW-1" uid="xoar_12_4-5CW-1" entityUid="xoar_12_4-5CW*:*Default">
<Transform>
<Rotation>-0.16766653896955641 0 0.98584376637983095 0 1 0 -0.98584376637983095 0 -0.16766653896955641</Rotation>
<Translation>0 -0.022000000000004578 0.43950000000000011</Translation>
</Transform>
</Instance>
<Instance name="MotorQuad-1" uid="MotorQuad-1" entityUid="MotorQuad*:*Default">
<Transform>
<Rotation>-1.0000000000000002 0 -6.6613381477509392e-16 0 -1 0 -6.6613381477509392e-16 0 1.0000000000000002</Rotation>
<Translation>0 -4.5935477643865852e-15 0.43950000000000011</Translation>
</Transform>
</Instance>
<Instance name="ArmRod-1" uid="ArmRod-1" entityUid="ArmRod*:*Default">
<Transform>
<Rotation>1 0 0 0 1 0 0 0 1</Rotation>
<Translation>0 0.0049999999999962123 0.18800000000000006</Translation>
</Transform>
</Instance>
<Instance name="MotorMount-1" uid="MotorMount-1" entityUid="MotorMount*:*Default">
<Transform>
<Rotation>1 0 0 0 1 0 0 0 1</Rotation>
<Translation>0 -4.5814047000547475e-15 0.43950000000000011</Translation>
</Transform>
</Instance>
<Instance name="LegBodyConnector-1" uid="LegBodyConnector-1" entityUid="LegBodyConnector*:*Default">
<Transform>
<Rotation>1.0000000000000002 2.2204460492503131e-16 0 0 0 1 2.2204460492503131e-16 -1.0000000000000002 0</Rotation>
<Translation>0 0.0049999999999962071 0</Translation>
</Transform>
</Instance>
</Instance>
<Instance name="Leg-2" uid="Leg-2" entityUid="Leg*:*Default">
<Transform>
<Rotation>0 -1 4.3021142204224816e-16 -0.26061961741998441 3.7686867515596134e-16 0.96544156478569998 -0.96544156478569998 -1.6653345369377348e-16 -0.26061961741998424</Rotation>
<Translation>-5.0000000000651757e-05 0.10821694865464151 -0.11880772844929149</Translation>
</Transform>
</Instance>
<Instance name="MetalArmGuide-2" uid="MetalArmGuide-2" entityUid="MetalArmGuide*:*Default">
<Transform>
<Rotation>1 0 0 0 1 0 0 0 1</Rotation>
<Translation>0 -0.010500000000000002 -0.092499999999999999</Translation>
</Transform>
</Instance>
<Instance name="LegRail-2" uid="LegRail-2" entityUid="LegRail*:*Default">
<Transform>
<Rotation>-4.1953138524590025e-16 -1.6653345369377343e-16 -1 0 1 -1.6653345369377358e-16 1 0 -4.1953138524590015e-16</Rotation>
<Translation>4.9999999999734908e-05 0.20524382591560436 0.14500000000000021</Translation>
</Transform>
</Instance>
<Instance name="LegBodyConnector-1" uid="LegBodyConnector-1" entityUid="LegBodyConnector*:*Default">
<Transform>
<Rotation>1.9621039468006784e-16 1.4356225169991903e-16 -1 0.26061961741998224 -0.96544156478570053 0 -0.96544156478570053 -0.26061961741998224 -2.2684480958112869e-16</Rotation>
<Translation>4.999999999977314e-05 0.04256692224921392 0.10108559446473282</Translation>
</Transform>
</Instance>
<Instance name="LandingPads-1" uid="LandingPads-1" entityUid="LandingPads*:*Default">
<Transform>
<Rotation>-4.1030592418027664e-16 1.8895536107986476e-16 1 0 -0.99999999999999989 1.8895536107986476e-16 1 0 4.1030592418027659e-16</Rotation>
<Translation>-0.13595000000000027 0.20524382591560439 0.14500000000000002</Translation>
</Transform>
</Instance>
<Instance name="LegRailConnector-2" uid="LegRailConnector-2" entityUid="LegRailConnector*:*Default">
<Transform>
<Rotation>1 0 -1.9538187532795797e-16 0 0.96544156478569998 -0.26061961741998413 2.1254485455252857e-16 0.26061961741998413 0.96544156478569998</Rotation>
<Translation>4.9999999999759357e-05 0.17676329975442623 0.13731172128611069</Translation>
</Transform>
</Instance>
<Instance name="SideplateLegMount-4" uid="SideplateLegMount-4" entityUid="SideplateLegMount*:*Default">
<Transform>
<Rotation>-1 0 -2.2204460492503131e-16 0 -0.99995989612626879 0.008955788024614917 -2.2204460492503131e-16 0.0089557880246149205 0.99995989612626879</Rotation>
<Translation>-0.011050000000000011 0.0097644507423522361 0.10685855431070061</Translation>
</Transform>
</Instance>
<Instance name="MetalArmGuide-4" uid="MetalArmGuide-4" entityUid="MetalArmGuide*:*Default">
<Transform>
<Rotation>1 0 0 0 1 0 0 0 1</Rotation>
<Translation>0 -0.010499999999999985 0.036000000000000011</Translation>
</Transform>
</Instance>
<Instance name="LandingPads-2" uid="LandingPads-2" entityUid="LandingPads*:*Default">
<Transform>
<Rotation>-8.0718589359432289e-16 -1.5716576963916035e-16 -1 2.4980018054066017e-16 1 -1.5716576963916055e-16 1 -2.4980018054066037e-16 -8.0718589359432289e-16</Rotation>
<Translation>0.13595000000000013 0.20524382591560444 -0.14499999999999974</Translation>
</Transform>
</Instance>
<Instance name="ArmStraight-1" uid="ArmStraight-1" entityUid="ArmStraight" rigid="true">
<Transform>
<Rotation>1 0 0 0 1 0 0 0 1</Rotation>
<Translation>0 -0.010500000000000004 -0.24400000000000002</Translation>
</Transform>
<Instance name="ArmRod-1" uid="ArmRod-1" entityUid="ArmRod*:*Default">
<Transform>
<Rotation>1 0 0 0 1 0 0 0 1</Rotation>
<Translation>0 0 0</Translation>
</Transform>
</Instance>
<Instance name="xoar_12_4-5CW-1" uid="xoar_12_4-5CW-1" entityUid="xoar_12_4-5CW*:*Default">
<Transform>
<Rotation>0.50812416638601476 0 -0.8612838275124628 0 1 0 0.8612838275124628 0 0.50812416638601476</Rotation>
<Translation>0 -0.026999999999999996 -0.25149999999999995</Translation>
</Transform>
</Instance>
<Instance name="MotorMount-1" uid="MotorMount-1" entityUid="MotorMount*:*Default">
<Transform>
<Rotation>1 0 0 0 1 0 0 0 1</Rotation>
<Translation>0 -0.0049999999999999992 -0.25149999999999995</Translation>
</Transform>
</Instance>
<Instance name="ArmMotorConnector-1" uid="ArmMotorConnector-1" entityUid="ArmMotorConnector*:*Default">
<Transform>
<Rotation>-1 -1.1102230246251568e-16 0 0 1 0 0 0 -1</Rotation>
<Translation>0 0 -0.19999999999999998</Translation>
</Transform>
</Instance>
<Instance name="MotorQuad-1" uid="MotorQuad-1" entityUid="MotorQuad*:*Default">
<Transform>
<Rotation>-1.0000000000000002 0 0 0 -1 0 0 0 1.0000000000000002</Rotation>
<Translation>0 -0.0049999999999999992 -0.25149999999999983</Translation>
</Transform>
</Instance>
</Instance>
<Instance name="MetalArmGuide-1" uid="MetalArmGuide-1" entityUid="MetalArmGuide*:*Default">
<Transform>
<Rotation>1 0 0 0 1 0 0 0 1</Rotation>
<Translation>0 -0.010500000000000002 -0.035999999999999997</Translation>
</Transform>
</Instance>
<Instance name="ArmAngle-2" uid="ArmAngle-2" entityUid="ArmAngle" rigid="true">
<Transform>
<Rotation>-0.50000000000000044 0 0.86602540378443837 0 1 0 -0.86602540378443837 0 -0.50000000000000044</Rotation>
<Translation>0.06013268590217985 -0.015499999999996211 -0.034717622392718639</Translation>
</Transform>
<Instance name="ArmMotorConnector-1" uid="ArmMotorConnector-1" entityUid="ArmMotorConnector*:*Default">
<Transform>
<Rotation>1 0 0 0 1 0 0 0 1</Rotation>
<Translation>0 0.0049999999999961915 0.38799999999999996</Translation>
</Transform>
</Instance>
<Instance name="xoar_12_4-5CW-1" uid="xoar_12_4-5CW-1" entityUid="xoar_12_4-5CW*:*Default">
<Transform>
<Rotation>-0.16766653896955641 0 0.98584376637983073 0 1 0 -0.98584376637983073 0 -0.16766653896955641</Rotation>
<Translation>0 -0.022000000000004578 0.43950000000000006</Translation>
</Transform>
</Instance>
<Instance name="MotorQuad-1" uid="MotorQuad-1" entityUid="MotorQuad*:*Default">
<Transform>
<Rotation>-1 0 -6.6613381477509392e-16 0 -1 0 -6.6613381477509392e-16 0 1</Rotation>
<Translation>0 -4.5935477643865852e-15 0.43950000000000006</Translation>
</Transform>
</Instance>
<Instance name="ArmRod-1" uid="ArmRod-1" entityUid="ArmRod*:*Default">
<Transform>
<Rotation>1 0 0 0 1 0 0 0 1</Rotation>
<Translation>0 0.0049999999999962123 0.188</Translation>
</Transform>
</Instance>
<Instance name="MotorMount-1" uid="MotorMount-1" entityUid="MotorMount*:*Default">
<Transform>
<Rotation>1 0 0 0 1 0 0 0 1</Rotation>
<Translation>0 -4.5814047000547475e-15 0.43949999999999995</Translation>
</Transform>
</Instance>
<Instance name="LegBodyConnector-1" uid="LegBodyConnector-1" entityUid="LegBodyConnector*:*Default">
<Transform>
<Rotation>1 2.7755575615628914e-16 0 0 0 1 2.7755575615628914e-16 -1 0</Rotation>
<Translation>0 0.0049999999999962054 0</Translation>
</Transform>
</Instance>
</Instance>
<Instance name="Top Plate-1" uid="Top Plate-1" entityUid="Top Plate*:*Default">
<Transform>
<Rotation>1 0 0 0 1 0 0 0 1</Rotation>
<Translation>0 -0.023000000000000003 0</Translation>
</Transform>
</Instance>
<Instance name="LandingPads-3" uid="LandingPads-3" entityUid="LandingPads*:*Default">
<Transform>
<Rotation>-1.3863897403423872e-16 -9.0281424474531704e-16 1 1 0 1.3863897403423921e-16 0 1 9.0281424474531704e-16</Rotation>
<Translation>-0.13604999999999984 0.20524382591560442 -0.14499999999999991</Translation>
</Transform>
</Instance>
<Instance name="SideplateLegMount-2" uid="SideplateLegMount-2" entityUid="SideplateLegMount*:*Default">
<Transform>
<Rotation>-1 0 0 0 -0.99995989612626857 0.0089557880246144209 -2.2204460492503131e-16 0.0089557880246144243 0.99995989612626879</Rotation>
<Translation>0.01280000000000002 0.0097644507423522379 0.10685855431070058</Translation>
</Transform>
</Instance>
<Instance name="LandingPads-4" uid="LandingPads-4" entityUid="LandingPads*:*Default">
<Transform>
<Rotation>-4.3786639402141303e-16 0 -0.99999999999999978 1.6653345369377348e-16 0.99999999999999989 0 0.99999999999999989 -1.6653345369377351e-16 -4.3786639402141298e-16</Rotation>
<Translation>0.13604999999999978 0.20524382591560442 0.14500000000000027</Translation>
</Transform>
</Instance>
<Instance name="MetalArmGuide-3" uid="MetalArmGuide-3" entityUid="MetalArmGuide*:*Default">
<Transform>
<Rotation>1 0 0 0 1 0 0 0 1</Rotation>
<Translation>0 -0.010500000000000002 0.092499999999999999</Translation>
</Transform>
</Instance>
<Instance name="ArmGuides-4" uid="ArmGuides-4" entityUid="ArmGuides*:*Default">
<Transform>
<Rotation>0.50000000000000178 0 -0.8660254037844376 0 1 0 0.8660254037844376 0 0.50000000000000178</Rotation>
<Translation>0.079833364779648433 -0.010499999999999999 -0.046091814645848772</Translation>
</Transform>
</Instance>
<Instance name="SideplateLegMount-3" uid="SideplateLegMount-3" entityUid="SideplateLegMount*:*Default">
<Transform>
<Rotation>0.99999999999999989 0 1.6046737036702984e-16 0 -0.99995989612626901 0.0089557880246144 1.6065609517059363e-16 -0.0089557880246144 -0.9999598961262689</Rotation>
<Translation>0.011050000000000018 0.0097644507423522309 -0.10685855431070061</Translation>
</Transform>
</Instance>
</Instance>
<Instance name="Vibration damper-2" uid="Vibration damper-2" entityUid="Vibration damper" rigid="true">
<Transform>
<Rotation>7.254602628024125e-16 5.5600550537704806e-16 1 -1.9845236565174673e-15 -1 5.6168687907051964e-16 1.0000000000000002 -2.0122792321330962e-15 -6.8834695809399864e-16</Rotation>
<Translation>-60.122780380738639 37.708414465114181 -28.442508080398042</Translation>
</Transform>
<Instance name="Vibration bottom plate-1" uid="Vibration bottom plate-1" entityUid="Vibration bottom plate*:*Default">
<Transform>
<Rotation>1 0 0 0 1 0 0 0 1</Rotation>
<Translation>28.442508080398166 37.659404465114179 60.286255380738595</Translation>
</Transform>
</Instance>
<Instance name="Rubber Spacer-1" uid="Rubber Spacer-1" entityUid="Rubber Spacer*:*Default">
<Transform>
<Rotation>-1.0000000000000002 -1.2601838151061018e-16 0 0 1 2.0521802983007176e-16 0 1.9953665613660151e-16 -1</Rotation>
<Translation>28.412008080398138 37.679404465114168 60.316755380738599</Translation>
</Transform>
</Instance>
<Instance name="Rubber Spacer-3" uid="Rubber Spacer-3" entityUid="Rubber Spacer*:*Default">
<Transform>
<Rotation>1 0 0 0 1 0 0 0 1</Rotation>
<Translation>28.473008080398177 37.679404465114168 60.255755380738606</Translation>
</Transform>
</Instance>
<Instance name="Rubber Spacer-2" uid="Rubber Spacer-2" entityUid="Rubber Spacer*:*Default">
<Transform>
<Rotation>1 0 0 0 1 0 0 0 1</Rotation>
<Translation>28.47300808039817 37.679404465114168 60.316755380738599</Translation>
</Transform>
</Instance>
<Instance name="Rubber Spacer-4" uid="Rubber Spacer-4" entityUid="Rubber Spacer*:*Default">
<Transform>
<Rotation>1 0 0 0 1 0 0 0 1</Rotation>
<Translation>28.412008080398163 37.679404465114168 60.255755380738606</Translation>
</Transform>
</Instance>
<Instance name="Vibration top plate-1" uid="Vibration top plate-1" grounded="true" entityUid="Vibration top plate*:*Default">
<Transform>
<Rotation>1 0 0 0 1 0 0 0 1</Rotation>
<Translation>28.44250808039817 37.675404465114163 60.286255380738602</Translation>
</Transform>
</Instance>
<Instance name="Bracket-2" uid="Bracket-2" entityUid="Bracket*:*Default">
<Transform>
<Rotation>-1.0000000000000002 0 -6.241361594216953e-14 0 -1 0 -6.2450729246877923e-14 0 1</Rotation>
<Translation>28.442508080387455 37.659404465114164 60.266255380743651</Translation>
</Transform>
</Instance>
<Instance name="Custom Mount-2" uid="Custom Mount-2" entityUid="Custom Mount*:*Default">
<Transform>
<Rotation>1.0000000000000002 6.2934032984962774e-14 0 0 1.7928844327485834e-14 1 6.297114628967118e-14 -1 1.7923162953792368e-14</Rotation>
<Translation>28.442558080387457 37.643904465114161 60.286255380743654</Translation>
</Transform>
</Instance>
</Instance>
<Instance name="PlateMount-2" uid="PlateMount-2" entityUid="PlateMount*:*Default">
<Transform>
<Rotation>1 0 0 0 1 0 0 0 1</Rotation>
<Translation>-0.094750000000000001 0.048010000000002606 -2.8531041374659971e-15</Translation>
</Transform>
</Instance>
<Instance name="Battery-1" uid="Battery-1" entityUid="Battery*:*Default">
<Transform>
<Rotation>1 0 0 0 1 0 0 0 1</Rotation>
<Translation>0.021628788176765237 0.039510000000002599 0.030999999999997099</Translation>
</Transform>
</Instance>
<Instance name="Camera-1" uid="Camera-1" entityUid="Camera*:*Default">
<Transform>
<Rotation>-6.3784193129937183e-14 0.031234752377708758 0.99951207608707926 2.3592239273284576e-15 0.99951207608707904 -0.031234752377708754 -1 4.163336342344337e-16 -6.4179130759844938e-14</Rotation>
<Translation>0.17034340057601996 0.077502681141307941 4.9999989289371377e-05</Translation>
</Transform>
</Instance>
<Instance name="GNC-1" uid="GNC-1" entityUid="GNC*:*Default">
<Transform>
<Rotation>-1 0 0 0 1.1737359520326906e-16 -1 0 -1 -1.1737355700987741e-16</Rotation>
<Translation>-0.093450000000000061 0.043010000000002609 0.046699999999997091</Translation>
</Transform>
</Instance>
<Instance name="Vibration Plate Connecter-1" uid="Vibration Plate Connecter-1" entityUid="Vibration Plate Connecter*:*Default">
<Transform>
<Rotation>-5.0341565787763501e-16 -4.9731139778870567e-16 1 1.9845236565174673e-15 1 5.0299277148217696e-16 -1.0000000000000002 2.0122792321330962e-15 -4.6630235316922085e-16</Rotation>
<Translation>0.18925000000000008 0.026010000000000054 0</Translation>
</Transform>
</Instance>
<Instance name="DroneBattery-1" uid="DroneBattery-1" entityUid="DroneBattery*:*Default">
<Transform>
<Rotation>1.2246467991473532e-16 0 1 0 1 0 -1 0 1.2246467991473532e-16</Rotation>
<Translation>0 -0.085999999999999979 0</Translation>
</Transform>
</Instance>
</InstanceTree>
<Constraints>
