<?xml version="1.0" encoding="UTF-8" standalone="no" ?>
<SimscapeMultibodyImportXML version="2.0" xmlns="urn:mathworks:SimscapeMultibody:import" xmlns:xsi="http://www.w3.org/2001/XMLSchema-instance">
<Created by="" on="01/17/21||22:32:14" using="Simscape Multibody Link Version 7.2" from="SolidWorks 27.2.0"/>
<ModelUnits mass="kilogram" length="centimeter"/>
<DataUnits mass="kilogram" length="meter"/>
<RootAssembly name="DJI S900 STEP File" uid="DJI S900 STEP File" version="161">
<AssemblyFile name="DJI S900 STEP File.SLDASM" type="SolidWorks Assembly"/>
<InstanceTree>
<Instance name="DJI S900 STEP File.STEP-1" uid="DJI S900 STEP File.STEP-1" entityUid="DJI S900 STEP File.STEP" rigid="true">
<Transform>
<Rotation>0.9999999999991207 0 -1.3261603628775349e-06 0 1 0 1.3261603628775349e-06 0 0.9999999999991207</Rotation>
<Translation>0 0 0</Translation>
</Transform>
<Instance name="DJI S900 Pre-Finished.STEP-1" uid="DJI S900 Pre-Finished.STEP-1" grounded="true" entityUid="DJI S900 Pre-Finished.STEP" rigid="true">
<Transform>
<Rotation>1 0 0 0 1 0 0 0 1</Rotation>
<Translation>0 0 0</Translation>
</Transform>
<Instance name="DJI S900 Landing Bracket Attachment Piece.STEP-2" uid="DJI S900 Landing Bracket Attachment Piece.STEP-2" grounded="true" entityUid="DJI S900 Landing Bracket Attachment Piece.STEP*:*Default">
<Transform>
<Rotation>1.3261603609999996e-06 -9.9999999999824112e-16 -0.9999999999991207 9.9999999999999968e-16 1 -9.9999867383875979e-16 0.9999999999991207 -9.9999867384051816e-16 1.3261603609999996e-06</Rotation>
<Translation>-0.13523479622090004 -0.051124643749999997 -1.2828477037e-05</Translation>
</Transform>
</Instance>
<Instance name="DJI S900 A2 IMU.STEP-1" uid="DJI S900 A2 IMU.STEP-1" grounded="true" entityUid="DJI S900 A2 IMU.STEP*:*Default">
<Transform>
<Rotation>0.9999999999991207 0 1.3261603628775349e-06 0 1 0 -1.3261603628775349e-06 0 0.9999999999991207</Rotation>
<Translation>2.3326719900000003e-07 -0.025356400000000001 -0.095598568991556013</Translation>
</Transform>
</Instance>
<Instance name="DJI S900 GPS Compass.STEP-1" uid="DJI S900 GPS Compass.STEP-1" grounded="true" entityUid="DJI S900 GPS Compass.STEP*:*Default">
<Transform>
<Rotation>1 0 0 0 1 0 0 0 1</Rotation>
<Translation>0 0.171418170790783 -8.4425018972000002e-05</Translation>
</Transform>
</Instance>
<Instance name="DJI S900 GPS Module.STEP-1" uid="DJI S900 GPS Module.STEP-1" grounded="true" entityUid="DJI S900 GPS Module.STEP*:*Default">
<Transform>
<Rotation>-1 9.9999989774837532e-16 0 0 0 1 9.9999989774837532e-16 1 0</Rotation>
<Translation>-0.00046352579764600004 0.169433528065498 0.011474618655490001</Translation>
</Transform>
</Instance>
<Instance name="DJI S900 Assembly of Frames and Wings.STEP-1" uid="DJI S900 Assembly of Frames and Wings.STEP-1" grounded="true" entityUid="DJI S900 Assembly of Frames and Wings.STEP" rigid="true">
<Transform>
<Rotation>1 0 0 0 1 0 0 0 1</Rotation>
<Translation>0 0 0</Translation>
</Transform>
<Instance name="DJI S900 Frame Connection Rod.STEP-3" uid="DJI S900 Frame Connection Rod.STEP-3" grounded="true" entityUid="DJI S900 Frame Connection Rod.STEP*:*Default">
<Transform>
<Rotation>-0.96877960017660014 0 -0.24792354926804902 0 1 0 0.24792354926804902 0 -0.96877960017660014</Rotation>
<Translation>0.076593700000008008 -0.032003999999999998 -5.9999999952951828e-15</Translation>
</Transform>
</Instance>
<Instance name="DJI S900 CCW Black.STEP-1" uid="DJI S900 CCW Black.STEP-1" grounded="true" entityUid="DJI S900 CCW Black.STEP" rigid="true">
<Transform>
<Rotation>0.86337366892495093 0.027736490012486573 0.50380213867038759 0.00029330783585599995 0.99846018873420739 -0.055472204601623498 -0.50456498271043604 0.048041009925252266 0.86203610109309181</Rotation>
<Translation>-0.20154796948655804 0.037020107316563002 -0.34909132331308901</Translation>
</Transform>
<Instance name="DJI S900 Propellor CCW.STEP-2" uid="DJI S900 Propellor CCW.STEP-2" grounded="true" entityUid="DJI S900 Propellor CCW.STEP*:*Default">
<Transform>
<Rotation>-0.044173083885721019 -0.002131534675735998 0.99902161899528052 -0.076004505145708029 0.99710671165833831 -0.0012331923821871289 -0.99612853279964897 -0.075984617692145942 -0.04420728465532945</Rotation>
<Translation>0.048703437166529001 -0.0021988822723420023 0.0038011155619829817</Translation>
</Transform>
</Instance>
<Instance name="DJI S900 Propellor CCW.STEP-1" uid="DJI S900 Propellor CCW.STEP-1" grounded="true" entityUid="DJI S900 Propellor CCW.STEP*:*Default">
<Transform>
<Rotation>0.007018807268952933 -0.00070173103944000392 -0.99997512164956848 -0.076004505145708043 0.9971067116583382 -0.0012331923821867095 0.99708277065752038 0.076011269818650751 0.0069451651153112793</Rotation>
<Translation>-0.048545589052615995 -0.0021988822723420058 -0.004666944471207024</Translation>
</Transform>
</Instance>
<Instance name="DJI S900 Black Motor.STEP-1" uid="DJI S900 Black Motor.STEP-1" grounded="true" entityUid="DJI S900 Black Motor.STEP" rigid="true">
<Transform>
<Rotation>1 0 0 0 1 0 0 0 1</Rotation>
<Translation>0 0 0</Translation>
</Transform>
<Instance name="DJI S900 Motor Top Frame.STEP-1" uid="DJI S900 Motor Top Frame.STEP-1" grounded="true" entityUid="DJI S900 Motor Top Frame.STEP*:*Default">
<Transform>
<Rotation>-0.99998602160280092 0 0.0052874000229219953 0 1 0 -0.0052874000229219953 0 -0.99998602160280092</Rotation>
<Translation>0 -0.034085719879999997 0</Translation>
</Transform>
</Instance>
<Instance name="DJI S900 Motor Cage.STEP-1" uid="DJI S900 Motor Cage.STEP-1" grounded="true" entityUid="DJI S900 Motor Cage.STEP*:*Default">
<Transform>
<Rotation>-0.99983979186392047 -0.01789945824632894 0 0 0 0.99999999999999989 -0.01789945824632894 0.99983979186392047 0</Rotation>
<Translation>0.021897516549528984 -0.032895094880000003 -0.062059619039376901</Translation>
</Transform>
</Instance>
<Instance name="DJI S900 Motor Bottom Frame.STEP-1" uid="DJI S900 Motor Bottom Frame.STEP-1" grounded="true" entityUid="DJI S900 Motor Bottom Frame.STEP*:*Default">
<Transform>
<Rotation>-0.99998602160280092 0 0.0052874000229219953 0 1 0 -0.0052874000229219953 0 -0.99998602160280092</Rotation>
<Translation>0 -0.04916379488 0</Translation>
</Transform>
</Instance>
<Instance name="DJI S900 Black Prop Cover (Underside).STEP-1" uid="DJI S900 Black Prop Cover (Underside).STEP-1" grounded="true" entityUid="DJI S900 Black Prop Cover (Underside).STEP*:*Default">
<Transform>
<Rotation>1 0 0 0 1 0 0 0 1</Rotation>
<Translation>0 -0.0057546875000000011 0</Translation>
</Transform>
</Instance>
<Instance name="DJI S900 Black Prop Cover.STEP-1" uid="DJI S900 Black Prop Cover.STEP-1" grounded="true" entityUid="DJI S900 Black Prop Cover.STEP*:*Default">
<Transform>
<Rotation>1 0 0 0 1 0 0 0 1</Rotation>
<Translation>0 0 0</Translation>
</Transform>
</Instance>
<Instance name="DJI S900 Motor Encasement Black.STEP-1" uid="DJI S900 Motor Encasement Black.STEP-1" grounded="true" entityUid="DJI S900 Motor Encasement Black.STEP*:*Default">
<Transform>
<Rotation>-0.99998602160280092 -7.004813395994347e-15 0.0052874000229219953 -6.9978745020904398e-15 0.99999999999999989 0 -0.0052874000229220508 0 -0.99998602160280092</Rotation>
<Translation>0 -0.042416919880000001 0</Translation>
</Transform>
</Instance>
<Instance name="DJI S900 Encasement Arm Bottom Frame.STEP-1" uid="DJI S900 Encasement Arm Bottom Frame.STEP-1" grounded="true" entityUid="DJI S900 Encasement Arm Bottom Frame.STEP*:*Default">
<Transform>
<Rotation>-0.99998602160280092 0 0.0052874000229219953 0 1 0 -0.0052874000229219953 0 -0.99998602160280092</Rotation>
<Translation>0 -0.047973169879999993 0</Translation>
</Transform>
</Instance>
</Instance>
<Instance name="DJI S900 Arm.STEP-1" uid="DJI S900 Arm.STEP-1" grounded="true" entityUid="DJI S900 Arm.STEP*:*Default">
<Transform>
<Rotation>0 0.99998602160280092 0.0052874000229219953 1 0 0 0 0.0052874000229219953 -0.99998602160280092</Rotation>
<Translation>-0.0013971224899369875 -0.038251319880000009 0.26423250640144197</Translation>
</Transform>
</Instance>
<Instance name="DJI S900 Wing Bracket Black.STEP-1" uid="DJI S900 Wing Bracket Black.STEP-1" grounded="true" entityUid="DJI S900 Wing Bracket Black.STEP*:*Default">
<Transform>
<Rotation>-0.99998602160280092 0 0.0052874000229219953 0 1 0 -0.0052874000229219953 0 -0.99998602160280092</Rotation>
<Translation>-0.0014374124781119796 -0.038251319880000009 0.27185239988605592</Translation>
</Transform>
</Instance>
</Instance>
<Instance name="DJI S900 CW Red.STEP-1" uid="DJI S900 CW Red.STEP-1" grounded="true" entityUid="DJI S900 CW Red.STEP" rigid="true">
<Transform>
<Rotation>-0.87519045104480886 -0.028246098410464934 -0.48295324030859371 -0.0010542301341859997 0.99840304070968522 -0.056482359197175737 0.48377738992103397 -0.048923677562515054 -0.87382258541133562</Rotation>
<Translation>0.20151111691759202 0.037291639797756002 0.349027492791252</Translation>
</Transform>
<Instance name="DJI S900 Black Prop Cover (Underside).STEP-1" uid="DJI S900 Black Prop Cover (Underside).STEP-1" grounded="true" entityUid="DJI S900 Black Prop Cover (Underside).STEP*:*Default">
<Transform>
<Rotation>1 0 0 0 1 0 0 0 1</Rotation>
<Translation>0 -0.0057546875000000011 0</Translation>
</Transform>
</Instance>
<Instance name="DJI S900 Motor Cage.STEP-1" uid="DJI S900 Motor Cage.STEP-1" grounded="true" entityUid="DJI S900 Motor Cage.STEP*:*Default">
<Transform>
<Rotation>0.95418807682293827 -0.29920747659265196 0 0 0 0.99999999999999989 -0.29920747659265212 -0.95418807682293827 0</Rotation>
<Translation>-0.0011480549943589657 -0.03289509488000001 0.065799540394134992</Translation>
</Transform>
</Instance>
<Instance name="DJI S900 Motor Encasement.STEP-1" uid="DJI S900 Motor Encasement.STEP-1" grounded="true" entityUid="DJI S900 Motor Encasement.STEP*:*Default">
<Transform>
<Rotation>-0.9998258587148825 -7.004813395994347e-15 -0.018661517758423951 -6.9944050551384862e-15 1 -1.3877787807814457e-16 0.018661517758424062 0 -0.9998258587148825</Rotation>
<Translation>0 -0.042416919880000001 0</Translation>
</Transform>
</Instance>
<Instance name="DJI S900 Motor Top Frame.STEP-1" uid="DJI S900 Motor Top Frame.STEP-1" grounded="true" entityUid="DJI S900 Motor Top Frame.STEP*:*Default">
<Transform>
<Rotation>-0.9998258587148825 0 -0.018661517758423951 0 0.99999999999999989 0 0.018661517758424062 0 -0.9998258587148825</Rotation>
<Translation>0 -0.034085719880000004 0</Translation>
</Transform>
</Instance>
<Instance name="DJI S900 Encasement Arm Bottom Frame.STEP-1" uid="DJI S900 Encasement Arm Bottom Frame.STEP-1" grounded="true" entityUid="DJI S900 Encasement Arm Bottom Frame.STEP*:*Default">
<Transform>
<Rotation>-0.9998258587148825 0 -0.018661517758423951 0 0.99999999999999989 0 0.018661517758424062 0 -0.9998258587148825</Rotation>
<Translation>0 -0.047973169879999999 0</Translation>
</Transform>
</Instance>
<Instance name="DJI S900 Motor Bottom Frame.STEP-1" uid="DJI S900 Motor Bottom Frame.STEP-1" grounded="true" entityUid="DJI S900 Motor Bottom Frame.STEP*:*Default">
<Transform>
<Rotation>-0.9998258587148825 0 -0.018661517758423951 0 0.99999999999999989 0 0.018661517758424062 0 -0.9998258587148825</Rotation>
<Translation>0 -0.04916379488 0</Translation>
</Transform>
</Instance>
<Instance name="DJI S900 Arm.STEP-1" uid="DJI S900 Arm.STEP-1" grounded="true" entityUid="DJI S900 Arm.STEP*:*Default">
<Transform>
<Rotation>0 0.9998258587148825 -0.01866151775842495 0.99999999999999989 0 0 0 -0.018661517758425117 -0.9998258587148825</Rotation>
<Translation>0.0049310485387190003 -0.038251319880000002 0.264190185568557</Translation>
</Transform>
</Instance>
<Instance name="DJI S900 Red Prop Cover.STEP-1" uid="DJI S900 Red Prop Cover.STEP-1" grounded="true" entityUid="DJI S900 Red Prop Cover.STEP*:*Default">
<Transform>
<Rotation>1 0 0 0 1 0 0 0 1</Rotation>
<Translation>0 0 0</Translation>
</Transform>
</Instance>
<Instance name="DJI S900 Propellor CW MIRROR.STEP-1" uid="DJI S900 Propellor CW MIRROR.STEP-1" grounded="true" entityUid="DJI S900 Propellor CW MIRROR.STEP*:*Default">
<Transform>
<Rotation>-0.029571642218559069 0.0010178706034580116 -0.99956214509950925 0.076004505145708001 0.99710671165833831 -0.0012331923821875847 0.9966688683680518 -0.07600769372458327 -0.029563445682402434</Rotation>
<Translation>-0.048645235762642985 -0.0021988822723420023 0.0041421827131450373</Translation>
</Transform>
</Instance>
<Instance name="DJI S900 Propellor CW MIRROR.STEP-2" uid="DJI S900 Propellor CW MIRROR.STEP-2" grounded="true" entityUid="DJI S900 Propellor CW MIRROR.STEP*:*Default">
<Transform>
<Rotation>0.019654270688327036 -0.00026161591613801938 0.99980680193766569 0.076004505145708001 0.99710671165833842 -0.0012331923821869602 -0.99691374995095028 0.076014058719475475 0.019617289204324873</Rotation>
<Translation>0.048602874504775989 -0.0021988822723419989 -0.0043732457060530194</Translation>
</Transform>
</Instance>
<Instance name="DJI S900 Wing Bracket.STEP-1" uid="DJI S900 Wing Bracket.STEP-1" grounded="true" entityUid="DJI S900 Wing Bracket.STEP*:*Default">
<Transform>
<Rotation>-0.9998258587148825 0 -0.018661517758423951 0 0.99999999999999989 0 0.018661517758424062 0 -0.9998258587148825</Rotation>
<Translation>0.0050732493040379911 -0.038251319880000002 0.27180885861196497</Translation>
</Transform>
</Instance>
</Instance>
<Instance name="DJI S900 Arm Mounting Bracket Left.STEP-2" uid="DJI S900 Arm Mounting Bracket Left.STEP-2" grounded="true" entityUid="DJI S900 Arm Mounting Bracket Left.STEP*:*Default">
<Transform>
<Rotation>-0.50000000000000222 0 0.86602540378443749 0 1 0 -0.86602540378443749 0 -0.50000000000000222</Rotation>
<Translation>-0.047100720539840997 -0.038506400000000003 -0.10342484104814402</Translation>
</Transform>
</Instance>
<Instance name="DJI S900 CW black.STEP-1" uid="DJI S900 CW black.STEP-1" grounded="true" entityUid="DJI S900 CW black.STEP" rigid="true">
<Transform>
<Rotation>-0.0052788045895240015 0.05699689920054999 0.99836039970725421 0.00030136540613999999 0.99837435538054686 -0.056996102475253857 -0.99998602160280103 5.1910874746644866e-16 -0.0052874000229221904</Rotation>
<Translation>-0.40298563186609404 0.037426076910873997 -5.0000000181374686e-15</Translation>
</Transform>
<Instance name="DJI S900 Propellor CW MIRROR.STEP-1" uid="DJI S900 Propellor CW MIRROR.STEP-1" grounded="true" entityUid="DJI S900 Propellor CW MIRROR.STEP*:*Default">
<Transform>
<Rotation>-0.032625967596679989 0.001250804556212979 -0.99946684873803715 0.076004505145707973 0.99710671165833831 -0.0012331923821875812 0.99657356047405576 -0.076004217342576397 -0.032626638046326047</Rotation>
<Translation>-0.048657821036041007 -0.0021988822723420058 0.0040709242126809597</Translation>
</Transform>
</Instance>
<Instance name="DJI S900 Arm.STEP-1" uid="DJI S900 Arm.STEP-1" grounded="true" entityUid="DJI S900 Arm.STEP*:*Default">
<Transform>
<Rotation>0 0.99998602160280103 0.0052874000229220005 1 0 0 0 0.0052874000229220005 -0.99998602160280148</Rotation>
<Translation>-0.0013971224899370009 -0.038251319880000002 0.26423250640144214</Translation>
</Transform>
</Instance>
<Instance name="DJI S900 Propellor CW MIRROR.STEP-2" uid="DJI S900 Propellor CW MIRROR.STEP-2" grounded="true" entityUid="DJI S900 Propellor CW MIRROR.STEP*:*Default">
<Transform>
<Rotation>0.050150909055107981 -0.0025875450765759666 0.99873829952166293 0.07600450514570796 0.9971067116583382 -0.0012331923821869875 -0.99584547070240892 0.07597045594421635 0.050202473097702462</Rotation>
<Translation>0.048725831192415997 -0.0021988822723419971 -0.0036611832066730243</Translation>
</Transform>
</Instance>
<Instance name="DJI S900 Wing Bracket Black.STEP-1" uid="DJI S900 Wing Bracket Black.STEP-1" grounded="true" entityUid="DJI S900 Wing Bracket Black.STEP*:*Default">
<Transform>
<Rotation>-0.99998602160280103 0 0.0052874000229220005 0 1 0 -0.0052874000229220005 0 -0.99998602160280148</Rotation>
<Translation>-0.0014374124781120004 -0.038251319880000009 0.27185239988605603</Translation>
</Transform>
</Instance>
<Instance name="DJI S900 Black Motor.STEP-1" uid="DJI S900 Black Motor.STEP-1" grounded="true" entityUid="DJI S900 Black Motor.STEP" rigid="true">
<Transform>
<Rotation>1 0 0 0 1 0 0 0 1</Rotation>
<Translation>0 0 0</Translation>
</Transform>
<Instance name="DJI S900 Motor Top Frame.STEP-1" uid="DJI S900 Motor Top Frame.STEP-1" grounded="true" entityUid="DJI S900 Motor Top Frame.STEP*:*Default">
<Transform>
<Rotation>-0.99998602160280103 0 0.0052874000229220005 0 1 0 -0.0052874000229220005 0 -0.99998602160280148</Rotation>
<Translation>0 -0.034085719880000004 0</Translation>
</Transform>
</Instance>
<Instance name="DJI S900 Motor Cage.STEP-1" uid="DJI S900 Motor Cage.STEP-1" grounded="true" entityUid="DJI S900 Motor Cage.STEP*:*Default">
<Transform>
<Rotation>-0.99983979186392047 -0.017899458246328992 0 0 0 0.99999999999999989 -0.017899458246328992 0.99983979186392047 0</Rotation>
<Translation>0.021897516549529008 -0.03289509488000001 -0.062059619039377067</Translation>
</Transform>
</Instance>
<Instance name="DJI S900 Motor Bottom Frame.STEP-1" uid="DJI S900 Motor Bottom Frame.STEP-1" grounded="true" entityUid="DJI S900 Motor Bottom Frame.STEP*:*Default">
<Transform>
<Rotation>-0.99998602160280103 0 0.0052874000229220005 0 1 0 -0.0052874000229220005 0 -0.99998602160280148</Rotation>
<Translation>0 -0.049163794880000014 0</Translation>
</Transform>
</Instance>
<Instance name="DJI S900 Black Prop Cover (Underside).STEP-1" uid="DJI S900 Black Prop Cover (Underside).STEP-1" grounded="true" entityUid="DJI S900 Black Prop Cover (Underside).STEP*:*Default">
<Transform>
<Rotation>1 0 0 0 1 0 0 0 1</Rotation>
<Translation>0 -0.0057546874999999994 0</Translation>
</Transform>
</Instance>
<Instance name="DJI S900 Black Prop Cover.STEP-1" uid="DJI S900 Black Prop Cover.STEP-1" grounded="true" entityUid="DJI S900 Black Prop Cover.STEP*:*Default">
<Transform>
<Rotation>1 0 0 0 1 0 0 0 1</Rotation>
<Translation>0 0 0</Translation>
</Transform>
</Instance>
<Instance name="DJI S900 Motor Encasement Black.STEP-1" uid="DJI S900 Motor Encasement Black.STEP-1" grounded="true" entityUid="DJI S900 Motor Encasement Black.STEP*:*Default">
<Transform>
<Rotation>-0.99998602160280103 -7.0000367654465432e-15 0.0052874000229220005 -6.9999197690207037e-15 1 0 -0.0052874000229220005 0 -0.99998602160280148</Rotation>
<Translation>0 -0.042416919880000001 0</Translation>
</Transform>
</Instance>
<Instance name="DJI S900 Encasement Arm Bottom Frame.STEP-1" uid="DJI S900 Encasement Arm Bottom Frame.STEP-1" grounded="true" entityUid="DJI S900 Encasement Arm Bottom Frame.STEP*:*Default">
<Transform>
<Rotation>-0.99998602160280103 0 0.0052874000229220005 0 1 0 -0.0052874000229220005 0 -0.99998602160280148</Rotation>
<Translation>0 -0.047973169879999999 0</Translation>
</Transform>
</Instance>
</Instance>
</Instance>
<Instance name="DJI S900 CW black.STEP-2" uid="DJI S900 CW black.STEP-2" grounded="true" entityUid="DJI S900 CW black.STEP" rigid="true">
<Transform>
<Rotation>0.86865270043212672 -0.028498449600275307 -0.49460117711379803 0.00030136540613999989 0.99837435538054675 -0.056996102475254481 0.49542143192525095 0.049360762644617813 0.86724916829033372</Rotation>
<Translation>0.20149281593305607 0.037426076910873997 -0.34899579455615598</Translation>
</Transform>
<Instance name="DJI S900 Propellor CW MIRROR.STEP-1" uid="DJI S900 Propellor CW MIRROR.STEP-1" grounded="true" entityUid="DJI S900 Propellor CW MIRROR.STEP*:*Default">
<Transform>
<Rotation>-0.032625967596680017 0.0012508045562129866 -0.99946684873803715 0.076004505145708001 0.9971067116583382 -0.0012331923821875812 0.99657356047405576 -0.076004217342576383 -0.03262663804632604</Rotation>
<Translation>-0.048657821036040966 -0.0021988822723419989 0.0040709242126810152</Translation>
</Transform>
</Instance>
<Instance name="DJI S900 Arm.STEP-1" uid="DJI S900 Arm.STEP-1" grounded="true" entityUid="DJI S900 Arm.STEP*:*Default">
<Transform>
<Rotation>0 0.99998602160280115 0.0052874000229219398 0.99999999999999989 0 0 0 0.0052874000229219398 -0.99998602160280115</Rotation>
<Translation>-0.0013971224899369944 -0.038251319879999995 0.26423250640144197</Translation>
</Transform>
</Instance>
<Instance name="DJI S900 Propellor CW MIRROR.STEP-2" uid="DJI S900 Propellor CW MIRROR.STEP-2" grounded="true" entityUid="DJI S900 Propellor CW MIRROR.STEP*:*Default">
<Transform>
<Rotation>0.050150909055107995 -0.0025875450765759644 0.99873829952166293 0.076004505145707987 0.9971067116583382 -0.001233192382186981 -0.99584547070240881 0.075970455944216378 0.050202473097702482</Rotation>
<Translation>0.048725831192416025 -0.0021988822723420023 -0.0036611832066730243</Translation>
</Transform>
</Instance>
<Instance name="DJI S900 Wing Bracket Black.STEP-1" uid="DJI S900 Wing Bracket Black.STEP-1" grounded="true" entityUid="DJI S900 Wing Bracket Black.STEP*:*Default">
<Transform>
<Rotation>-0.99998602160280115 0 0.0052874000229219398 0 0.99999999999999989 0 -0.0052874000229219398 0 -0.99998602160280115</Rotation>
<Translation>-0.0014374124781119726 -0.038251319879999995 0.27185239988605592</Translation>
</Transform>
</Instance>
<Instance name="DJI S900 Black Motor.STEP-1" uid="DJI S900 Black Motor.STEP-1" grounded="true" entityUid="DJI S900 Black Motor.STEP" rigid="true">
<Transform>
<Rotation>1 0 0 0 1 0 0 0 1</Rotation>
<Translation>0 0 0</Translation>
</Transform>
<Instance name="DJI S900 Motor Top Frame.STEP-1" uid="DJI S900 Motor Top Frame.STEP-1" grounded="true" entityUid="DJI S900 Motor Top Frame.STEP*:*Default">
<Transform>
<Rotation>-0.99998602160280115 0 0.0052874000229219398 0 0.99999999999999989 0 -0.0052874000229219398 0 -0.99998602160280115</Rotation>
<Translation>0 -0.03408571987999999 0</Translation>
</Transform>
</Instance>
<Instance name="DJI S900 Motor Cage.STEP-1" uid="DJI S900 Motor Cage.STEP-1" grounded="true" entityUid="DJI S900 Motor Cage.STEP*:*Default">
<Transform>
<Rotation>-0.99983979186392047 -0.017899458246328992 0 0 0 0.99999999999999978 -0.017899458246328936 0.99983979186392058 0</Rotation>
<Translation>0.021897516549529039 -0.032895094880000003 -0.062059619039377012</Translation>
</Transform>
</Instance>
<Instance name="DJI S900 Motor Bottom Frame.STEP-1" uid="DJI S900 Motor Bottom Frame.STEP-1" grounded="true" entityUid="DJI S900 Motor Bottom Frame.STEP*:*Default">
<Transform>
<Rotation>-0.99998602160280115 0 0.0052874000229219398 0 0.99999999999999989 0 -0.0052874000229219398 0 -0.99998602160280115</Rotation>
<Translation>0 -0.04916379488 0</Translation>
</Transform>
</Instance>
<Instance name="DJI S900 Black Prop Cover (Underside).STEP-1" uid="DJI S900 Black Prop Cover (Underside).STEP-1" grounded="true" entityUid="DJI S900 Black Prop Cover (Underside).STEP*:*Default">
<Transform>
<Rotation>1 0 0 0 1 0 0 0 1</Rotation>
<Translation>0 -0.0057546875000000046 0</Translation>
</Transform>
</Instance>
<Instance name="DJI S900 Black Prop Cover.STEP-1" uid="DJI S900 Black Prop Cover.STEP-1" grounded="true" entityUid="DJI S900 Black Prop Cover.STEP*:*Default">
<Transform>
<Rotation>1 0 0 0 1 0 0 0 1</Rotation>
<Translation>0 0 0</Translation>
</Transform>
</Instance>
<Instance name="DJI S900 Motor Encasement Black.STEP-1" uid="DJI S900 Motor Encasement Black.STEP-1" grounded="true" entityUid="DJI S900 Motor Encasement Black.STEP*:*Default">
<Transform>
<Rotation>-0.99998602160280115 -6.9978745020904398e-15 0.0052874000229219398 -7.0013439490423934e-15 1 0 -0.0052874000229219398 0 -0.99998602160280115</Rotation>
<Translation>0 -0.042416919880000001 0</Translation>
</Transform>
</Instance>
<Instance name="DJI S900 Encasement Arm Bottom Frame.STEP-1" uid="DJI S900 Encasement Arm Bottom Frame.STEP-1" grounded="true" entityUid="DJI S900 Encasement Arm Bottom Frame.STEP*:*Default">
<Transform>
<Rotation>-0.99998602160280115 0 0.0052874000229219398 0 0.99999999999999989 0 -0.0052874000229219398 0 -0.99998602160280115</Rotation>
<Translation>0 -0.047973169879999999 0</Translation>
</Transform>
</Instance>
</Instance>
</Instance>
<Instance name="DJI S900 CCW Black.STEP-2" uid="DJI S900 CCW Black.STEP-2" grounded="true" entityUid="DJI S900 CCW Black.STEP" rigid="true">
<Transform>
<Rotation>0.0052792584248269993 -0.05547298002497203 -0.99844623186110193 0.00029330783585599995 0.9984601887342075 -0.055472204601623422 0.99998602160280081 1.0897443355291689e-15 0.0052874000229490292</Rotation>
<Translation>0.40309593897313406 0.037020107186757002 5.0000000181374686e-15</Translation>
</Transform>
<Instance name="DJI S900 Propellor CCW.STEP-2" uid="DJI S900 Propellor CCW.STEP-2" grounded="true" entityUid="DJI S900 Propellor CCW.STEP*:*Default">
<Transform>
<Rotation>-0.044173083885720985 -0.0021315346757359954 0.99902161899528041 -0.076004505145708001 0.99710671165833831 -0.0012331923821871276 -0.99612853279964886 -0.075984617692145914 -0.044207284655329415</Rotation>
<Translation>0.048703437166528994 -0.0021988822723420006 0.0038011155619830372</Translation>
</Transform>
</Instance>
<Instance name="DJI S900 Propellor CCW.STEP-1" uid="DJI S900 Propellor CCW.STEP-1" grounded="true" entityUid="DJI S900 Propellor CCW.STEP*:*Default">
<Transform>
<Rotation>0.0070188072689529998 -0.00070173103944000251 -0.99997512164956848 -0.076004505145708015 0.9971067116583382 -0.001233192382186713 0.99708277065752038 0.076011269818650737 0.0069451651153113461</Rotation>
<Translation>-0.048545589052615995 -0.0021988822723420058 -0.004666944471207024</Translation>
</Transform>
</Instance>
<Instance name="DJI S900 Black Motor.STEP-1" uid="DJI S900 Black Motor.STEP-1" grounded="true" entityUid="DJI S900 Black Motor.STEP" rigid="true">
<Transform>
<Rotation>1 0 0 0 1 0 0 0 1</Rotation>
<Translation>0 0 0</Translation>
</Transform>
<Instance name="DJI S900 Motor Top Frame.STEP-1" uid="DJI S900 Motor Top Frame.STEP-1" grounded="true" entityUid="DJI S900 Motor Top Frame.STEP*:*Default">
<Transform>
<Rotation>-0.99998602160280103 0 0.0052874000229219996 0 1.0000000000000002 0 -0.0052874000229220005 0 -0.99998602160280126</Rotation>
<Translation>0 -0.034085719880000004 0</Translation>
</Transform>
</Instance>
<Instance name="DJI S900 Motor Cage.STEP-1" uid="DJI S900 Motor Cage.STEP-1" grounded="true" entityUid="DJI S900 Motor Cage.STEP*:*Default">
<Transform>
<Rotation>-0.99983979186392036 -0.017899458246328988 0 0 0 1 -0.017899458246328992 0.99983979186392069 0</Rotation>
<Translation>0.021897516549528998 -0.032895094880000017 -0.062059619039377012</Translation>
</Transform>
</Instance>
<Instance name="DJI S900 Motor Bottom Frame.STEP-1" uid="DJI S900 Motor Bottom Frame.STEP-1" grounded="true" entityUid="DJI S900 Motor Bottom Frame.STEP*:*Default">
<Transform>
<Rotation>-0.99998602160280103 0 0.0052874000229219996 0 1.0000000000000002 0 -0.0052874000229220005 0 -0.99998602160280126</Rotation>
<Translation>0 -0.049163794880000021 0</Translation>
</Transform>
</Instance>
<Instance name="DJI S900 Black Prop Cover (Underside).STEP-1" uid="DJI S900 Black Prop Cover (Underside).STEP-1" grounded="true" entityUid="DJI S900 Black Prop Cover (Underside).STEP*:*Default">
<Transform>
<Rotation>1 0 0 0 1 0 0 0 1</Rotation>
<Translation>0 -0.0057546875000000046 0</Translation>
</Transform>
</Instance>
<Instance name="DJI S900 Black Prop Cover.STEP-1" uid="DJI S900 Black Prop Cover.STEP-1" grounded="true" entityUid="DJI S900 Black Prop Cover.STEP*:*Default">
<Transform>
<Rotation>1 0 0 0 1 0 0 0 1</Rotation>
<Translation>0 0 0</Translation>
</Transform>
</Instance>
<Instance name="DJI S900 Motor Encasement Black.STEP-1" uid="DJI S900 Motor Encasement Black.STEP-1" grounded="true" entityUid="DJI S900 Motor Encasement Black.STEP*:*Default">
<Transform>
<Rotation>-0.99998602160280103 -7.0000781906516199e-15 0.0052874000229219996 -6.9999338641783416e-15 1.0000000000000002 0 -0.0052874000229220014 0 -0.99998602160280126</Rotation>
<Translation>0 -0.042416919880000015 0</Translation>
</Transform>
</Instance>
<Instance name="DJI S900 Encasement Arm Bottom Frame.STEP-1" uid="DJI S900 Encasement Arm Bottom Frame.STEP-1" grounded="true" entityUid="DJI S900 Encasement Arm Bottom Frame.STEP*:*Default">
<Transform>
<Rotation>-0.99998602160280103 0 0.0052874000229219996 0 1.0000000000000002 0 -0.0052874000229220005 0 -0.99998602160280126</Rotation>
<Translation>0 -0.047973169880000013 0</Translation>
</Transform>
</Instance>
</Instance>
<Instance name="DJI S900 Arm.STEP-1" uid="DJI S900 Arm.STEP-1" grounded="true" entityUid="DJI S900 Arm.STEP*:*Default">
<Transform>
<Rotation>0 0.99998602160280103 0.0052874000229219996 1.0000000000000002 0 0 0 0.0052874000229220005 -0.99998602160280126</Rotation>
<Translation>-0.001397122489937 -0.038251319880000016 0.26423250640144214</Translation>
</Transform>
</Instance>
<Instance name="DJI S900 Wing Bracket Black.STEP-1" uid="DJI S900 Wing Bracket Black.STEP-1" grounded="true" entityUid="DJI S900 Wing Bracket Black.STEP*:*Default">
<Transform>
<Rotation>-0.99998602160280103 0 0.0052874000229219996 0 1.0000000000000002 0 -0.0052874000229220005 0 -0.99998602160280126</Rotation>
<Translation>-0.0014374124781120002 -0.038251319880000009 0.27185239988605608</Translation>
</Transform>
</Instance>
</Instance>
<Instance name="DJI S900 Center Frame Top Outer Board.STEP-1" uid="DJI S900 Center Frame Top Outer Board.STEP-1" grounded="true" entityUid="DJI S900 Center Frame Top Outer Board.STEP*:*Default">
<Transform>
<Rotation>1 0 0 0 1 0 0 0 1</Rotation>
<Translation>0.077084697207584013 -0.0016002 0.024472167727872002</Translation>
</Transform>
</Instance>
<Instance name="DJI S900 Center Frame Top Inner Board.STEP-1" uid="DJI S900 Center Frame Top Inner Board.STEP-1" grounded="true" entityUid="DJI S900 Center Frame Top Inner Board.STEP*:*Default">
<Transform>
<Rotation>1 0 0 0 1 0 0 0 1</Rotation>
<Translation>0 0 0</Translation>
</Transform>
</Instance>
<Instance name="DJI S900 Frame Connection Rod.STEP-1" uid="DJI S900 Frame Connection Rod.STEP-1" grounded="true" entityUid="DJI S900 Frame Connection Rod.STEP*:*Default">
<Transform>
<Rotation>0.26968170822577087 0 0.96294951905509052 0 1 0 -0.96294951905509052 0 0.26968170822577087</Rotation>
<Translation>-0.038296849999999008 -0.032003999999999998 0.066332089969864005</Translation>
</Transform>
</Instance>
<Instance name="DJI S900 Frame Connection Rod.STEP-2" uid="DJI S900 Frame Connection Rod.STEP-2" grounded="true" entityUid="DJI S900 Frame Connection Rod.STEP*:*Default">
<Transform>
<Rotation>-0.69909789195083205 0 0.71502596978704402 0 1 0 -0.71502596978704402 0 -0.69909789195083205</Rotation>
<Translation>0.038296850000009 -0.032003999999999998 0.066332089969849004</Translation>
</Transform>
</Instance>
<Instance name="DJI S900 Frame Connection Rod.STEP-6" uid="DJI S900 Frame Connection Rod.STEP-6" grounded="true" entityUid="DJI S900 Frame Connection Rod.STEP*:*Default">
<Transform>
<Rotation>0.96877960017659859 0 0.24792354926805613 0 1 0 -0.24792354926805613 0 0.96877960017659859</Rotation>
<Translation>-0.076593700000008008 -0.032003999999999998 5.9999999952951828e-15</Translation>
</Transform>
</Instance>
<Instance name="DJI S900 Arm Mounting Bracket Left.STEP-1" uid="DJI S900 Arm Mounting Bracket Left.STEP-1" grounded="true" entityUid="DJI S900 Arm Mounting Bracket Left.STEP*:*Default">
<Transform>
<Rotation>0.49999999999999989 0 0.86602540378443882 0 1 0 -0.86602540378443882 0 0.49999999999999989</Rotation>
<Translation>0.066018179460144003 -0.038506400000000003 -0.092502841048131002</Translation>
</Transform>
</Instance>
<Instance name="DJI S900 Arm Mounting Bracket Right MIRROR.STEP-1" uid="DJI S900 Arm Mounting Bracket Right MIRROR.STEP-1" grounded="true" entityUid="DJI S900 Arm Mounting Bracket Right MIRROR.STEP*:*Default">
<Transform>
<Rotation>0.49999999999999989 0 0.86602540378443882 0 1 0 -0.86602540378443882 0 0.49999999999999989</Rotation>
<Translation>0.047100720539875997 -0.038506400000000003 -0.10342484104813102</Translation>
</Transform>
</Instance>
<Instance name="DJI S900 Arm Mounting Bracket Right MIRROR.STEP-2" uid="DJI S900 Arm Mounting Bracket Right MIRROR.STEP-2" grounded="true" entityUid="DJI S900 Arm Mounting Bracket Right MIRROR.STEP*:*Default">
<Transform>
<Rotation>-0.50000000000000222 0 0.86602540378443749 0 1 0 -0.86602540378443749 0 -0.50000000000000222</Rotation>
<Translation>-0.066018179460107004 -0.038506400000000003 -0.092502841048144019</Translation>
</Transform>
</Instance>
<Instance name="DJI S900 Arm Mounting Bracket Right MIRROR.STEP-5" uid="DJI S900 Arm Mounting Bracket Right MIRROR.STEP-5" grounded="true" entityUid="DJI S900 Arm Mounting Bracket Right MIRROR.STEP*:*Default">
<Transform>
<Rotation>0.50000000000000799 0 -0.86602540378443416 0 1 0 0.86602540378443416 0 0.50000000000000799</Rotation>
<Translation>0.066018179460084994 -0.038506400000000003 0.092502841048109019</Translation>
</Transform>
</Instance>
<Instance name="DJI S900 GPS Mount Assembly.STEP-1" uid="DJI S900 GPS Mount Assembly.STEP-1" grounded="true" entityUid="DJI S900 GPS Mount Assembly.STEP" rigid="true">
<Transform>
<Rotation>1 0 0 0 1 0 0 0 1</Rotation>
<Translation>-0.0053578124999999997 0.0016002 0.014253090747</Translation>
</Transform>
<Instance name="DJI S900 Rotating Pin GPS.STEP-1" uid="DJI S900 Rotating Pin GPS.STEP-1" grounded="true" entityUid="DJI S900 Rotating Pin GPS.STEP*:*Default">
<Transform>
<Rotation>1 0 0 0 0 -1 0 1 0</Rotation>
<Translation>0.0053578124999999997 0.032889845790783002 -0.014337515765972001</Translation>
</Transform>
</Instance>
<Instance name="DJI S900 Screw for Mount.STEP-1" uid="DJI S900 Screw for Mount.STEP-1" grounded="true" entityUid="DJI S900 Screw for Mount.STEP*:*Default">
<Transform>
<Rotation>0 0 1 0.218817122393034 -0.97576588736624303 0 0.97576588736624315 0.21881712239303402 0</Rotation>
<Translation>4.7624999999999057e-05 0.0063499999999999997 -0.014337515765972001</Translation>
</Transform>
</Instance>
<Instance name="DJI S900 Center Frame Mount.STEP-1" uid="DJI S900 Center Frame Mount.STEP-1" grounded="true" entityUid="DJI S900 Center Frame Mount.STEP*:*Default">
<Transform>
<Rotation>1 0 0 0 1 0 0 0 1</Rotation>
<Translation>0 0 0</Translation>
</Transform>
</Instance>
<Instance name="DJI S900 Rod Attatchment.STEP-1" uid="DJI S900 Rod Attatchment.STEP-1" grounded="true" entityUid="DJI S900 Rod Attatchment.STEP*:*Default">
<Transform>
<Rotation>0.61480436128937388 -0.78867965444758692 0 0 0 -1 0.78867965444758692 0.61480436128937388 0</Rotation>
<Translation>0.0053578124999999997 0.046383595790783001 -0.014337515765972001</Translation>
</Transform>
</Instance>
<Instance name="DJI S900 GPS Rod.STEP-1" uid="DJI S900 GPS Rod.STEP-1" grounded="true" entityUid="DJI S900 GPS Rod.STEP*:*Default">
<Transform>
<Rotation>-0.82038612964596325 -0.57180993195686702 0 0 0 -1 0.57180993195686702 -0.82038612964596325 0</Rotation>
<Translation>0.0053578124999999997 0.15909609579078299 -0.014337515765972001</Translation>
</Transform>
</Instance>
<Instance name="DJI S900 GPS Attatchment.STEP-1" uid="DJI S900 GPS Attatchment.STEP-1" grounded="true" entityUid="DJI S900 GPS Attatchment.STEP*:*Default">
<Transform>
<Rotation>0.39063948294841 -0.92054374929266602 0 0 0 -1 0.92054374929266602 0.39063948294841 0</Rotation>
<Translation>0.0053578124999999997 0.16147734579078299 -0.014337515765972001</Translation>
</Transform>
</Instance>
</Instance>
<Instance name="DJI S900 Center Frame Bottom Board.STEP-1" uid="DJI S900 Center Frame Bottom Board.STEP-1" grounded="true" entityUid="DJI S900 Center Frame Bottom Board.STEP*:*Default">
<Transform>
<Rotation>0.99990418177602014 0 -0.013842950076773003 0 1 0 0.013842950076773003 0 0.99990418177602014</Rotation>
<Translation>1.9999999999999998e-15 -0.040093900000000002 2.0000000000000003e-14</Translation>
</Transform>
</Instance>
<Instance name="DJI S900 CCW Red.STEP-1" uid="DJI S900 CCW Red.STEP-1" grounded="true" entityUid="DJI S900 CCW Red.STEP" rigid="true">
<Transform>
<Rotation>-0.85655845017588994 0.027975080832155684 0.5152911956211863 -0.0010441149354849999 0.99843356284218399 -0.05594041843125689 -0.51604896207266893 -0.048454261347140204 -0.85518749599197497</Rotation>
<Translation>-0.20153073319668002 0.037147242082759997 0.34906146918324504</Translation>
</Transform>
<Instance name="DJI S900 Black Prop Cover (Underside).STEP-1" uid="DJI S900 Black Prop Cover (Underside).STEP-1" grounded="true" entityUid="DJI S900 Black Prop Cover (Underside).STEP*:*Default">
<Transform>
<Rotation>1 0 0 0 1 0 0 0 1</Rotation>
<Translation>0 -0.0057546875000000046 0</Translation>
</Transform>
</Instance>
<Instance name="DJI S900 Motor Encasement.STEP-1" uid="DJI S900 Motor Encasement.STEP-1" grounded="true" entityUid="DJI S900 Motor Encasement.STEP*:*Default">
<Transform>
<Rotation>-0.9998258587148825 -7.004813395994347e-15 -0.018661517758425006 -6.9978745020904398e-15 0.99999999999999989 -1.2490009027033011e-16 0.01866151775842495 0 -0.99982585871488228</Rotation>
<Translation>0 -0.042416919880000001 0</Translation>
</Transform>
</Instance>
<Instance name="DJI S900 Arm.STEP-1" uid="DJI S900 Arm.STEP-1" grounded="true" entityUid="DJI S900 Arm.STEP*:*Default">
<Transform>
<Rotation>0 0.99982585871488239 -0.018661517758424062 0.99999999999999989 0 0 0 -0.018661517758423896 -0.99982585871488228</Rotation>
<Translation>0.0049310485387190003 -0.038251319879999995 0.264190185568557</Translation>
</Transform>
</Instance>
<Instance name="DJI S900 Red Prop Cover.STEP-1" uid="DJI S900 Red Prop Cover.STEP-1" grounded="true" entityUid="DJI S900 Red Prop Cover.STEP*:*Default">
<Transform>
<Rotation>1 0 0 0 1 0 0 0 1</Rotation>
<Translation>0 0 0</Translation>
</Transform>
</Instance>
<Instance name="DJI S900 Motor Cage.STEP-1" uid="DJI S900 Motor Cage.STEP-1" grounded="true" entityUid="DJI S900 Motor Cage.STEP*:*Default">
<Transform>
<Rotation>0.95418807682293794 -0.29920747659265301 0 0 0 0.99999999999999989 -0.29920747659265279 -0.95418807682293783 0</Rotation>
<Translation>-0.0011480549943589935 -0.032895094880000003 0.065799540394135048</Translation>
</Transform>
</Instance>
<Instance name="DJI S900 Motor Top Frame.STEP-1" uid="DJI S900 Motor Top Frame.STEP-1" grounded="true" entityUid="DJI S900 Motor Top Frame.STEP*:*Default">
<Transform>
<Rotation>-0.99982585871488239 0 -0.018661517758424062 0 0.99999999999999989 0 0.018661517758423896 0 -0.99982585871488228</Rotation>
<Translation>0 -0.034085719879999997 0</Translation>
</Transform>
</Instance>
<Instance name="DJI S900 Encasement Arm Bottom Frame.STEP-1" uid="DJI S900 Encasement Arm Bottom Frame.STEP-1" grounded="true" entityUid="DJI S900 Encasement Arm Bottom Frame.STEP*:*Default">
<Transform>
<Rotation>-0.99982585871488239 0 -0.018661517758424947 0 0.99999999999999989 0 0.01866151775842495 0 -0.99982585871488228</Rotation>
<Translation>0 -0.047973169880000006 0</Translation>
</Transform>
</Instance>
<Instance name="DJI S900 Motor Bottom Frame.STEP-1" uid="DJI S900 Motor Bottom Frame.STEP-1" grounded="true" entityUid="DJI S900 Motor Bottom Frame.STEP*:*Default">
<Transform>
<Rotation>-0.99982585871488239 0 -0.018661517758424947 0 0.99999999999999989 0 0.01866151775842495 0 -0.99982585871488228</Rotation>
<Translation>0 -0.049163794880000007 0</Translation>
</Transform>
</Instance>
<Instance name="DJI S900 Propellor CCW.STEP-1" uid="DJI S900 Propellor CCW.STEP-1" grounded="true" entityUid="DJI S900 Propellor CCW.STEP*:*Default">
<Transform>
<Rotation>0.019883654318881117 0.00027910630927100583 -0.99980226164506925 -0.076004505145707987 0.99710671165833831 -0.0012331923821875292 0.99690920122570992 0.076013996510929216 0.01984733851056969</Rotation>
<Translation>-0.048603880149376028 -0.0021988822723420023 -0.0043679067415989814</Translation>
</Transform>
</Instance>
<Instance name="DJI S900 Propellor CCW.STEP-2" uid="DJI S900 Propellor CCW.STEP-2" grounded="true" entityUid="DJI S900 Propellor CCW.STEP*:*Default">
<Transform>
